Optimal Model:
rank = 10
RMSE = 1.005
Train/Test split = [0.75, 0.25]

Optimal Model:
rank = 10
RMSE = 0.937
Train/Test split = [0.8, 0.2]

Top 15 Predictions for User 11
+-------+------+----------+
|movieId|userId|prediction|
+-------+------+----------+
|     93|    11| 3.9842124|
|      8|    11| 3.8244433|
|     49|    11|  3.264492|
|     55|    11| 3.2641935|
|     74|    11|  3.005236|
|     65|    11| 2.9819279|
|     46|    11| 2.8709044|
|     34|    11| 2.7628598|
|      7|    11| 2.6040003|
|     73|    11| 2.4915605|
|     17|    11| 2.4541497|
|     33|    11|  2.368081|
|     83|    11|  2.295788|
|     54|    11|   2.17036|
|     96|    11|  2.097736|
+-------+------+----------+

Top 15 Predictions for User 23
+-------+------+----------+
|movieId|userId|prediction|
+-------+------+----------+
|     46|    23|  5.136301|
|     17|    23|  4.541462|
|     90|    23| 4.4621544|
|     94|    23| 3.7920694|
|     20|    23|   3.64995|
|      7|    23| 3.3043923|
|     16|    23| 2.8742661|
|     91|    23| 2.7544537|
|     79|    23|  2.546895|
|     56|    23|  2.408853|
|     81|    23| 2.4042418|
|     98|    23| 2.1439312|
|     93|    23| 2.1075087|
|     19|    23| 1.8905573|
|      9|    23| 1.7618334|
+-------+------+----------+
